https://genome.crg.es/pub/software/geneid/human.070123.param	Homo sapiens	9606 9605 207598 9604 314295 9526 314293 376913 9443 314146 1437010 9347 32525 40674 32524 32523 1338369 8287 117571 117570 7776 7742 89593 7711 33511 33213 6072 33208 33154 2759 131567 
https://genome.crg.es/pub/software/geneid/drosophila.U12.070102.param	Drosophila melanogaster	7227 32351 32346 32341 7215 46877 43845 7214 43746 43741 43738 480117 480118 43733 7203 7147 33392 33340 7496 85512 50557 6960 197562 197563 6656 88770 1206794 33317 33213 6072 33208 33154 2759 131567 
https://genome.crg.es/pub/software/geneid/apisumGCAG.param_Jun_27_2008	Acyrthosiphon pisum	7029 7028 33386 133076 27482 33385 33380 33373 7524 33342 33340 7496 85512 50557 6960 197562 197563 6656 88770 1206794 33317 33213 6072 33208 33154 2759 131567 
https://genome.crg.es/pub/software/geneid/human.param.Feb_22_2006	Homo sapiens	9606 9605 207598 9604 314295 9526 314293 376913 9443 314146 1437010 9347 32525 40674 32524 32523 1338369 8287 117571 117570 7776 7742 89593 7711 33511 33213 6072 33208 33154 2759 131567 
https://genome.crg.es/pub/software/geneid/tetraodon.param.Apr_22_2004	Tetraodon nigroviridis	99883 47144 31031 32517 31028 31022 1489922 1489872 123369 123368 123367 123366 123365 1489388 186625 1489341 32443 41665 186623 7898 117571 117570 7776 7742 89593 7711 33511 33213 6072 33208 33154 2759 131567 
https://genome.crg.es/pub/software/geneid/lloa.param.Jan_27_2010	Loa loa	7209 7208 6296 6295 2072716 6274 6236 119089 6231 1206794 33317 33213 6072 33208 33154 2759 131567 
https://genome.crg.es/pub/software/geneid/celegans.param.Dec_20_2006	Caenorhabditis elegans	6239 6237 55885 6243 55879 2301119 2301116 6236 119089 6231 1206794 33317 33213 6072 33208 33154 2759 131567 
https://genome.crg.es/pub/software/geneid/cintestinalis.param_Apr_26_2006	Ciona intestinalis	7719 7718 7717 7716 7713 7712 7711 33511 33213 6072 33208 33154 2759 131567 
https://genome.crg.es/pub/software/geneid/odioica.param_Nov_10_2006	Oikopleura dioica	34765 34763 41302 2507557 30302 7712 7711 33511 33213 6072 33208 33154 2759 131567 
https://genome.crg.es/pub/software/geneid/sjaponica.param.Sep_9_2005	Schistosoma japonicum	6182 6181 31245 31244 6180 6179 6178 6157 1206795 2697495 33317 33213 6072 33208 33154 2759 131567 
https://genome.crg.es/pub/software/geneid/dlongipes.param.Oct_18_2012	Dinoponera longipes	609292 369122 141711 43085 36668 2153479 7434 7400 7399 33392 33340 7496 85512 50557 6960 197562 197563 6656 88770 1206794 33317 33213 6072 33208 33154 2759 131567 
https://genome.crg.es/pub/software/geneid/nvitripennis.param.Oct_6_2008	Nasonia vitripennis	7425 7424 272242 7423 7422 1955251 7400 7399 33392 33340 7496 85512 50557 6960 197562 197563 6656 88770 1206794 33317 33213 6072 33208 33154 2759 131567 
https://genome.crg.es/pub/software/geneid/pcanadensis.Jul_13_2012	Polistes canadensis	91411 7456 76984 7455 7438 34725 7434 7400 7399 33392 33340 7496 85512 50557 6960 197562 197563 6656 88770 1206794 33317 33213 6072 33208 33154 2759 131567 
https://genome.crg.es/pub/software/geneid/poccidentalis.Feb_13_2017	Polybia occidentalis	91432 57065 76992 7455 7438 34725 7434 7400 7399 33392 33340 7496 85512 50557 6960 197562 197563 6656 88770 1206794 33317 33213 6072 33208 33154 2759 131567 
https://genome.crg.es/pub/software/geneid/mcingulata.Feb_13_2017	Metapolybia cingulata	91402 91388 76992 7455 7438 34725 7434 7400 7399 33392 33340 7496 85512 50557 6960 197562 197563 6656 88770 1206794 33317 33213 6072 33208 33154 2759 131567 
https://genome.crg.es/pub/software/geneid/lflavolineata.param.Nov_29_2017	Liostenogaster flavolineata	85445 76999 76996 7438 34725 7434 7400 7399 33392 33340 7496 85512 50557 6960 197562 197563 6656 88770 1206794 33317 33213 6072 33208 33154 2759 131567 
https://genome.crg.es/pub/software/geneid/hsaltator.param.Jun_26_2012	Harpegnathos saltator 	610380 604375 141711 43085 36668 2153479 7434 7400 7399 33392 33340 7496 85512 50557 6960 197562 197563 6656 88770 1206794 33317 33213 6072 33208 33154 2759 131567 
https://genome.crg.es/pub/software/geneid/dmelanogaster.param.Nov_13_2015	Drosophila melanogaster	7227 32351 32346 32341 7215 46877 43845 7214 43746 43741 43738 480117 480118 43733 7203 7147 33392 33340 7496 85512 50557 6960 197562 197563 6656 88770 1206794 33317 33213 6072 33208 33154 2759 131567 
https://genome.crg.es/pub/software/geneid/cpipiens.param.Jan_23_2007	Culex pipiens	7175 518105 53527 7174 53550 43817 7157 41827 43786 7148 7147 33392 33340 7496 85512 50557 6960 197562 197563 6656 88770 1206794 33317 33213 6072 33208 33154 2759 131567 
https://genome.crg.es/pub/software/geneid/amel.param.Jan_15_2011	Apis mellifera	7460 7459 83321 70987 7458 34735 7434 7400 7399 33392 33340 7496 85512 50557 6960 197562 197563 6656 88770 1206794 33317 33213 6072 33208 33154 2759 131567 
https://genome.crg.es/pub/software/geneid/adorsata.param.Nov_6_2014	Apis dorsata	7462 7459 83321 70987 7458 34735 7434 7400 7399 33392 33340 7496 85512 50557 6960 197562 197563 6656 88770 1206794 33317 33213 6072 33208 33154 2759 131567 
https://genome.crg.es/pub/software/geneid/aflorea.param.Nov_27_2014	Apis florea	7463 7459 83321 70987 7458 34735 7434 7400 7399 33392 33340 7496 85512 50557 6960 197562 197563 6656 88770 1206794 33317 33213 6072 33208 33154 2759 131567 
https://genome.crg.es/pub/software/geneid/bimpatiens.param_May_24_2011	Bombus impatiens	132113 144703 28641 83311 70987 7458 34735 7434 7400 7399 33392 33340 7496 85512 50557 6960 197562 197563 6656 88770 1206794 33317 33213 6072 33208 33154 2759 131567 
https://genome.crg.es/pub/software/geneid/bterrestris.param_Jul_14_2011	Bombus terrestris	30195 144708 28641 83311 70987 7458 34735 7434 7400 7399 33392 33340 7496 85512 50557 6960 197562 197563 6656 88770 1206794 33317 33213 6072 33208 33154 2759 131567 
https://genome.crg.es/pub/software/geneid/apisum.param_Jun_26_2008	Acyrthosiphon pisum	7029 7028 33386 133076 27482 33385 33380 33373 7524 33342 33340 7496 85512 50557 6960 197562 197563 6656 88770 1206794 33317 33213 6072 33208 33154 2759 131567 
https://genome.crg.es/pub/software/geneid/ccedri.param.May_26_2014	Cinara cedri	506608 97051 96541 27482 33385 33380 33373 7524 33342 33340 7496 85512 50557 6960 197562 197563 6656 88770 1206794 33317 33213 6072 33208 33154 2759 131567 
https://genome.crg.es/pub/software/geneid/rechinopus.param.Jul_20_2016	Rhizoglyphus echinopus	370843 150114 474068 41442 83155 6951 83137 6946 6933 6854 6843 6656 88770 1206794 33317 33213 6072 33208 33154 2759 131567 
https://genome.crg.es/pub/software/geneid/atosichella.param.Jun_25_2018	Aceria tosichella	561515 109362 426509 426503 70320 70332 83139 6947 83136 6946 6933 6854 6843 6656 88770 1206794 33317 33213 6072 33208 33154 2759 131567 
https://genome.crg.es/pub/software/geneid/gbullatarudis.param.May_29_2018	Gyrodactylus bullatarudis	82660 37846 37845 2486286 37844 37945 6157 1206795 2697495 33317 33213 6072 33208 33154 2759 131567 
https://genome.crg.es/pub/software/geneid/dictyostelium.param.Mar_8_2006	Dictyostelium discoideum	44689 5782 2058185 2058949 33083 142796 2605435 554915 2759 131567 
https://genome.crg.es/pub/software/geneid/pmarinus.param.Feb_8_2007	Perkinsus marinus	31276 28000 27999 27998 27997 2497438 33630 2698737 2759 131567 
https://genome.crg.es/pub/software/geneid/pvivax.param_May_31_2011	Plasmodium vivax	5855 418103 5820 1639119 5819 422676 5794 33630 2698737 2759 131567 
https://genome.crg.es/pub/software/geneid/plasmodium.param.Apr_22_2004	Plasmodium falciparum	5833 418107 5820 1639119 5819 422676 5794 33630 2698737 2759 131567 
https://genome.crg.es/pub/software/geneid/tbrucei.param.Feb_7_2006	Trypanosoma brucei	5691 39700 5690 5654 2704949 2704647 5653 33682 2611352 2759 131567 
https://genome.crg.es/pub/software/geneid/bhominis.param.Oct_16_2008	Blastocystis hominis	12968 12967 2547934 42740 2683629 2683628 33634 2698737 2759 131567 
https://genome.crg.es/pub/software/geneid/cubiquitum.param.Sep_3_2018	Cryptosporidium ubiquitum	857276 5806 35082 423054 75739 5796 1280412 5794 33630 2698737 2759 131567 
https://genome.crg.es/pub/software/geneid/cparvum.param.Sep_3_2018	Cryptosporidium parvum	5807 5806 35082 423054 75739 5796 1280412 5794 33630 2698737 2759 131567 
https://genome.crg.es/pub/software/geneid/ptetraurelia.param.Mar_5_2005	Paramecium tetraurelia	5888 5884 340080 33825 6020 431838 5878 33630 2698737 2759 131567 
https://genome.crg.es/pub/software/geneid/tthermophila.Feb_2_2012	Tetrahymena thermophila	5911 5890 291294 37093 31277 6020 431838 5878 33630 2698737 2759 131567 
https://genome.crg.es/pub/software/geneid/taestivum.param.Feb_12_2014	Triticum aestivum	4565 4564 1648030 147389 1648038 147368 359160 4479 38820 4734 1437197 4447 1437183 3398 58024 78536 58023 3193 131221 35493 33090 2759 131567 
https://genome.crg.es/pub/software/geneid/rice.param.Aug_3_2004	Oryza sativa	4530 4527 1648021 147380 147367 359160 4479 38820 4734 1437197 4447 1437183 3398 58024 78536 58023 3193 131221 35493 33090 2759 131567 
https://genome.crg.es/pub/software/geneid/bdistachyon.param.Feb_14_2012	Brachypodium distachyon	15368 15367 147385 2822797 147368 359160 4479 38820 4734 1437197 4447 1437183 3398 58024 78536 58023 3193 131221 35493 33090 2759 131567 
https://genome.crg.es/pub/software/geneid/solanaceae.param.Oct_10_2005	Solanaceae	4070 4069 91888 71274 1437201 91827 71240 1437183 3398 58024 78536 58023 3193 131221 35493 33090 2759 131567 
https://genome.crg.es/pub/software/geneid/slycopersicum.param_Jan_16_2008	Solanum lycopersicum	4081 49274 4107 424574 424551 4070 4069 91888 71274 1437201 91827 71240 1437183 3398 58024 78536 58023 3193 131221 35493 33090 2759 131567 
https://genome.crg.es/pub/software/geneid/stuberosum.param.Feb_17_2011	Solanum tuberosum	4113 4107 424574 424551 4070 4069 91888 71274 1437201 91827 71240 1437183 3398 58024 78536 58023 3193 131221 35493 33090 2759 131567 
https://genome.crg.es/pub/software/geneid/pvulgaris.param.Sep_29_2011	Phaseolus vulgaris	3885 3883 163735 2233855 2231382 2231393 3814 3803 72025 91835 71275 1437201 91827 71240 1437183 3398 58024 78536 58023 3193 131221 35493 33090 2759 131567 
https://genome.crg.es/pub/software/geneid/cmelo.param.Jan_21_2011	Cucumis melo	3656 3655 1003877 3650 71239 91835 71275 1437201 91827 71240 1437183 3398 58024 78536 58023 3193 131221 35493 33090 2759 131567 
https://genome.crg.es/pub/software/geneid/vvinifera.param.Jan_12_2007	Vitis vinifera	29760 3603 2304100 3602 403667 91834 71275 1437201 91827 71240 1437183 3398 58024 78536 58023 3193 131221 35493 33090 2759 131567 
https://genome.crg.es/pub/software/geneid/arabidopsis.param.Aug_4_2004	Arabidopsis thaliana	3702 3701 980083 3700 3699 91836 71275 1437201 91827 71240 1437183 3398 58024 78536 58023 3193 131221 35493 33090 2759 131567 
https://genome.crg.es/pub/software/geneid/ccrispus.param.Mar_20_2009	Chondrus crispus	2769 2768 29217 28017 2045261 2806 2763 2759 131567 
https://genome.crg.es/pub/software/geneid/macuminata.param.Jun_9_2010	Musa acuminata	4641 4640 4637 4618 4734 1437197 4447 1437183 3398 58024 78536 58023 3193 131221 35493 33090 2759 131567 
https://genome.crg.es/pub/software/geneid/aspergillus.param.Mar_5_2004	Emericella nidulans	162425 2720870 5052 1131492 5042 451871 147545 716546 147538 716545 4890 451864 4751 33154 2759 131567 
https://genome.crg.es/pub/software/geneid/neurospora.param.Mar_1_2004	Neurospora crassa	5141 5140 5148 5139 222544 147550 715989 716546 147538 716545 4890 451864 4751 33154 2759 131567 
https://genome.crg.es/pub/software/geneid/cneoformans.param.Jul_10_2006	Filobasidiella neoformans	5207 1897064 5206 1884633 5234 155616 5302 5204 451864 4751 33154 2759 131567 
https://genome.crg.es/pub/software/geneid/cinereus.param.Apr_14_2004	Coprinopsis cinerea	5346 184431 184208 5338 452333 155619 5302 5204 451864 4751 33154 2759 131567 
https://genome.crg.es/pub/software/geneid/chaetomium.param.Mar_24_2005	Chaetomium globosum	38033 5149 35718 5139 222544 147550 715989 716546 147538 716545 4890 451864 4751 33154 2759 131567 
https://genome.crg.es/pub/software/geneid/snodorum.param.Apr_18_2005	Stagonospora nodorum	13684 1351751 5020 715340 92860 451868 147541 715962 716546 147538 716545 4890 451864 4751 33154 2759 131567 
https://genome.crg.es/pub/software/geneid/roryzae.param.May_12_2005	Rhizopus oryzae	64495 4842 1344955 1344963 4827 2212703 451507 1913637 112252 4751 33154 2759 131567 
https://genome.crg.es/pub/software/geneid/ssclerotiorum.param.Jun_7_2005	Sclerotinia sclerotiorum	5180 5179 28983 5178 147548 715989 716546 147538 716545 4890 451864 4751 33154 2759 131567 
https://genome.crg.es/pub/software/geneid/hcapsulatum.param.Oct_6_2005	Histoplasma capsulatum	5037 5036 299071 33183 451871 147545 716546 147538 716545 4890 451864 4751 33154 2759 131567 
https://genome.crg.es/pub/software/geneid/cimmitis.param.Oct_6_2005	Coccidioides immitis	5501 5500 33184 33183 451871 147545 716546 147538 716545 4890 451864 4751 33154 2759 131567 
https://genome.crg.es/pub/software/geneid/sjaponicus.param_Oct_12_2006	Schizosaccharomyces japonicus	4897 4895 4894 34346 147554 451866 4890 451864 4751 33154 2759 131567 
https://genome.crg.es/pub/software/geneid/pinfestans.param.Nov_9_2006	Phytophthora infestans	4787 4783 4777 4776 4762 33634 2698737 2759 131567 
https://genome.crg.es/pub/software/geneid/bdendrobatidis.param.Dec_4_2006	Batrachochytrium dendrobatidis	109871 100474 1142503 451442 451435 2683659 4761 112252 4751 33154 2759 131567 
https://genome.crg.es/pub/software/geneid/pgraminis.param.Jan_26_2007	Puccinia graminis	5297 5296 5262 5258 162484 29000 5204 451864 4751 33154 2759 131567 
https://genome.crg.es/pub/software/geneid/foxysporum.param.Feb_8_2012	Fusarium oxysporum	5507 171631 5506 110618 5125 222543 147550 715989 716546 147538 716545 4890 451864 4751 33154 2759 131567 
https://genome.crg.es/pub/software/geneid/pcucumerina.param.Jul_5_2013	Plectosphaerella cucumerina	40658 40657 1033978 1028384 222543 147550 715989 716546 147538 716545 4890 451864 4751 33154 2759 131567 
